Оборотная ведомость по балансовым счетам |  |  |  |  |  |  | 
за период с 01.01.2016 по 31.12.2016 |  |  |  |  |  |  | 
по банку |  |  |  |  |  |  | 
 |  |  |  |  |  |  | 
КЛАСС  1  Денежные средства, драгоценные металлы и межбанковские операции |  |  |  |  |  |  | 
1010 | 74975624165,88272 | 0 | 15640681705689,371 | 14312543941883,586 | 1403113387971,668 | 0 | 
1011 | 58496794456,71168 | 0 | 689834244241,752 | 34144530376696,703 | -33396199337998,24 | 0 | 
1020 | 16521001749,353788 | 0 | 654759955289,7443 | 3865541431398,2505 | -3194260474359,1523 | 0 | 
1030 | 20431402379,548042 | 0 | 9951931131495,572 | 5748850039946,008 | 4223512493929,1133 | 0 | 
1040 | 115251239713,37917 | 0 | 9668096244081,996 | 9866340607336,701 | -82993123541,32617 | 0 | 
1050 | 0 | 0 | 1760172889001,325 | 8833195080781,041 | 0 | 0 | 
1051 | 0 | 0 | 330835936,5951902 | 196181767,4212974 | 0 | 0 | 
1060 | 78995478914,80794 | 0 | 22226269707237,758 | 21899749288825,543 | 405515897327,02344 | 0 | 
1080 | 33853967255,370644 | 0 | 47740325226371,305 | 58247261198579,52 | -10473082004952,852 | 0 | 
1090 | 8926851,371667959 | 0 | 424384709,5536749 | 57662361,01722294 | 375649199,9081199 | 0 | 
1091 | 0 | 0 | 119441980,71364792 | 219218161,51626128 | 0 | 0 | 
10 | 398534435486,4256 | 0 | 108332945766035,69 | 156918485027737,34 | -41114017512423,85 | 0 | 
1201 | 456934546927,3022 | 0 | 59987304079198,19 | 179480625448903,72 | -119036386822778,22 | 0 | 
1202 | 1171285598,8094392 | 0 | 11397447166,781794 | 775961141,6509806 | 11792771623,940252 | 0 | 
1214 | 0 | 0 | 1682995712,7267907 | 747285783,2996991 | 0 | 0 | 
1220 | 31564757161,351383 | 0 | 45575176117,74715 | 184672513,0821073 | 76955260766,01642 | 0 | 
1240 | 213562112317,57748 | 0 | 19602981424712,12 | 19426182671605,742 | 390360865423,95703 | 0 | 
1274 | 23312747,028190225 | 0 | 938509632,108128 | 1795895631,5409245 | -834073252,4046063 | 0 | 
12 | 703256014752,0687 | 0 | 79649879632539,67 | 198910311935579,06 | -118558111998216,72 | 0 | 
1300 | 1601897757,1624959 | 0 | 78261451693,79239 | 8968698161,958588 | 70894651288,99629 | 0 | 
1301 | 3965077,5796058048 | 0 | 12938758103,90375 | 19895694584,6222 | -6952971403,138845 | 0 | 
1302 | 41486871,1788506 | 0 | 4723155469,157131 | 1842121158,683344 | 2922521181,6526375 | 0 | 
1303 | 13112974,55689666 | 0 | 2179408761,4329762 | 1757338159,9170723 | 435183576,07280064 | 0 | 
13 | 1660462680,477849 | 0 | 98102774028,28625 | 32463852065,181202 | 67299384643,582886 | 0 | 
1501 | 25640174735,84811 | 0 | 7712721266313,632 | 10785028671241,3 | -3046667230191,8213 | 0 | 
1502 | 9349640127,658598 | 0 | 88867385038416,22 | 44319339534564,29 | 44557395143979,586 | 0 | 
1516 | 8494406632,33365 | 0 | 232654003873,5986 | 268339479960,34195 | -27191069454,4097 | 0 | 
1522 | 0 | 0 | 1501119022334,308 | 2129275744918,2004 | 0 | 0 | 
1531 | 34008507943,42418 | 0 | 795065469390,1859 | 1911620088912,1672 | -1082546111578,5571 | 0 | 
1532 | 32158711292,23506 | 0 | 40821115940,94248 | 61810346714,32994 | 11169480518,84761 | 0 | 
1533 | 209003480716,41232 | 0 | 42244840293784,29 | 20721231510121,23 | 21732612264379,473 | 0 | 
1546 | 452037851,92007595 | 0 | 99205872128,22804 | 11419124536,713177 | 88238785443,43494 | 0 | 
1573 | 107661725,94644555 | 0 | 210644659,67304936 | 1083207867,284452 | -764901481,664957 | 0 | 
1574 | 0 | 0 | 1920496428,3418026 | 728290130,4758366 | 333145670,8522266 | 0 | 
15 | 319214621025,7785 | 0 | 141495943223269,4 | 80209875998966,33 | 62232579507285,75 | 0 | 
1610 | 0 | 0 | 99966250,88138132 | 123325509,1280745 | 0 | 51504158,07037354 | 
1621 | 0 | 50847020735,75554 | 0 | 0 | 0 | 50847020735,75554 | 
1630 | 0 | 0 | 413913056545,0202 | 7525583893,372767 | 0 | 0 | 
1639 | 0 | 488526219192,1266 | 203246101684,67664 | 18856503258,775345 | 0 | 304136620766,2253 | 
1672 | 0 | 786953142,914519 | 0 | 1037929217,4153805 | 0 | 1824882360,3298993 | 
1673 | 0 | 10916984684,465569 | 7785218200,294011 | 4429161084,771366 | 0 | 7560927568,942924 | 
16 | 0 | 551077177755,2622 | 625044342680,8723 | 31972502963,462933 | 0 | 364420955589,32404 | 
1701 | 0 | 15846241555,891327 | 3828045945605,948 | 10221464832768,389 | 0 | 6409265128718,332 | 
1702 | 0 | 3447910,382749532 | 20150244164,678844 | 20491648444,872864 | 0 | 344852190,57676697 | 
1711 | 0 | 17575900,982161038 | 25341589,89114031 | 8165935,256206365 | 0 | 400246,3472270947 | 
1721 | 0 | 5892662,335265158 | 187127260550,74673 | 1087913797678,5244 | 0 | 900792429790,1129 | 
1731 | 0 | 39751470402,601974 | 14560120267090,879 | 3712910742844,403 | 0 | -10807458053843,875 | 
1732 | 0 | 1043501540,5494353 | 0 | 0 | 0 | 1043501540,5494353 | 
1733 | 0 | 58951350243,66836 | 1440282102189,3733 | 153627536613,31912 | 0 | -1227703215332,3857 | 
1734 | 0 | 379152308398,11316 | 525517330054,6083 | 199093630765,97913 | 0 | 52728609109,48401 | 
1744 | 0 | 71773325489,81726 | 59593516657,73232 | 1528039068706,8862 | 0 | 1540218877538,9712 | 
1773 | 0 | 8550410984,837535 | 52690524182,447556 | 19938904947,480663 | 0 | -24201208250,12936 | 
1774 | 0 | 950712150,3916261 | 25246747241,84902 | 19145391098,03272 | 0 | -5150643993,424675 | 
17 | 0 | 576046237239,5708 | 20698799279328,156 | 16962633719803,143 | 0 | -3160119322285,4404 | 
1800 | 0 | 0 | 84512146881083,45 | 42754320836254,9 | 95604475901,32864 | 0 | 
1801 | 0 | 0 | 1768450134031,4917 | 415827997041,80756 | 0 | 0 | 
1802 | 4920245726,390613 | 0 | 2486202363275,1777 | 2563267205812,316 | -72144596810,74756 | 0 | 
1803 | 0 | 0 | 1159942569085,264 | 14284163833556,396 | 0 | 0 | 
1806 | 0 | 0 | 902920160,5392444 | 1462146876,2429266 | 0 | 0 | 
1809 | 754634701,9167132 | 0 | 40780233345763,17 | 47740893906675,73 | -6959905926210,641 | 0 | 
1810 | 0 | 0 | 754954542406,6743 | 67781949513890,7 | 0 | 0 | 
1811 | 0 | 0 | 11274236454485,959 | 10218425953019,166 | 0 | 0 | 
1812 | 0 | 1967370373,7732458 | 2485185790392,326 | 6347395148188,825 | 0 | 3864176728170,2725 | 
1813 | 0 | 0 | 14927219081730,127 | 12884010580446,66 | 0 | 0 | 
1814 | 0 | 18042219,05132995 | 62103092464875,25 | 61255456723298,37 | 0 | -847617699357,8281 | 
1816 | 0 | 0 | 138846482,71941566 | 177337504,24508372 | 0 | 0 | 
1819 | 0 | 2787326,2966431165 | 105450079465,99142 | 132478906813,23619 | 0 | 27031614673,541412 | 
18 | 5674880428,307325 | 1988199919,1212187 | 222358155473238,12 | 266379830089378,56 | -6936446047120,06 | 3043590643485,986 | 
1921 | 0 | 143307715,0309169 | 1164296070,6192553 | 1132735512,9408913 | 0 | 111747157,35255289 | 
1923 | 0 | 7766063985,615823 | 16420383959,134508 | 8205230237,702156 | 0 | -449089735,8165283 | 
1924 | 0 | 169206887,74134958 | 123745145,89541222 | 1349760879,7447357 | 0 | 1395222621,590673 | 
19 | 0 | 8078578588,388089 | 17708425175,649178 | 10687726630,387783 | 0 | 1057880043,1266975 | 
ПО КЛАССУ | 1428340414373,0574 | 1137190193502,3423 | 573276578916296 | 719456260853123,5 | -104308696665831,31 | 248950156832,99634 | 
КЛАСС  2  Кредитные и иные активные операции с клиентами |  |  |  |  |  |  | 
2020 | 530927818,20620275 | 0 | 21475298,07592865 | 1090763173,006343 | -538360056,7242115 | 0 | 
2030 | 20776619663,343838 | 0 | 13597502717,29041 | 19863517931,41538 | 14510604449,218868 | 0 | 
2072 | 2920188,473242573 | 0 | 132661980,01676959 | 90075166,40300891 | 45507002,08700326 | 0 | 
2073 | 59599482,46694673 | 0 | 9208731072,220732 | 1122043061,2560089 | 8146287493,43167 | 0 | 
2093 | 0 | 0 | 944821,0139199457 | 2060968,990309759 | 0 | 0 | 
20 | 21370067152,49023 | 0 | 22961315888,617756 | 22168460301,07105 | 22164038888,013332 | 0 | 
2110 | 0 | 0 | 32661333756,25951 | 11350949853,930521 | 11245241048,243816 | 0 | 
2120 | 801086889977,4844 | 0 | 18310267289199,145 | 13715341875772,898 | 5396012303403,73 | 0 | 
2133 | 106871706,51560792 | 0 | 220167,25255392614 | 70745571,47447784 | 36346302,293684006 | 0 | 
2134 | 115249115703,30908 | 0 | 6888071981771,462 | 4057620886705,5894 | 2945700210769,182 | 0 | 
2135 | 333756494,0282969 | 0 | 849233223,4866 | 121531368,31816958 | 1061458349,1967273 | 0 | 
2140 | 240195678046,1404 | 0 | 251743232864,60178 | 7899649963,323366 | 484039260947,4188 | 0 | 
2150 | 0 | 0 | 57332490,08773379 | 79774372,73147172 | 0 | 0 | 
2162 | 130103464,21692438 | 0 | 9758306972,837358 | 554975351,8816836 | 9333435085,1726 | 0 | 
2163 | 61422871,296361305 | 0 | 309859568,8241611 | 1808381968,899386 | -1437099528,7788634 | 0 | 
2164 | 0 | 0 | 2978668962,0482635 | 627235831,8469906 | 1710329860,0853364 | 0 | 
2171 | 0 | 0 | 821541086,7564766 | 464202589,8524928 | 135329630,89063066 | 0 | 
2172 | 31784512561,944836 | 0 | 159660954453,9602 | 446253634776,2309 | -254808167760,32587 | 0 | 
2173 | 51170829125,56536 | 0 | 216722197569,9048 | 942181247587,798 | -674288220892,3279 | 0 | 
2174 | 2575365144,4461823 | 0 | 54602876888,92779 | 12862408534,133463 | 44315833499,24051 | 0 | 
2175 | 0 | 0 | 17471,112279172285 | 84448,51796871316 | 0 | 0 | 
2181 | 0 | 0 | 1531475626,0077488 | 1898462764,3856876 | 0 | 0 | 
2182 | 889836300,076957 | 0 | 83467334991,71034 | 226804034302,94946 | -142446863011,16217 | 0 | 
2183 | 1605704594,6665294 | 0 | 1366112895,0344803 | 55786052053,82174 | -52814234564,12073 | 0 | 
2184 | 2456499357,1692843 | 0 | 1086685602,0886288 | 5942198888,636167 | -2399013929,3782535 | 0 | 
2185 | 6421944,916511286 | 0 | 54496606,39770744 | 110791105,77808172 | -49872554,463862985 | 0 | 
2191 | 0 | 0 | 76234530,90013556 | 48110150,336838946 | 0 | 0 | 
2192 | 138012401,61609578 | 0 | 6759313441,0754175 | 56217519661,95541 | -49320193819,26389 | 0 | 
2193 | 2677966400,5315356 | 0 | 60916869098,444145 | 24181444580,130753 | 39413390918,844925 | 0 | 
2194 | 250409590,75331736 | 0 | 5347023060,737593 | 1329635052,2747202 | 4267797599,2161894 | 0 | 
2195 | 0 | 0 | 58899,0658969151 | 47323,90984037459 | 0 | 0 | 
21 | 1250719395684,678 | 0 | 26089110651198,133 | 19569555880581,598 | 7759707271353,693 | 0 | 
2320 | 2230391251,9538374 | 0 | 17383653315,814827 | 11942067914,725605 | 7671976653,04306 | 0 | 
2330 | 3730101498,033853 | 0 | 11173247384,632631 | 1707037594,7961094 | 13196311287,870375 | 0 | 
2372 | 36305863,41904354 | 0 | 762368958,2685137 | 168298836,65235198 | 630375985,0352052 | 0 | 
2373 | 40982820,28604899 | 0 | 617308197,831011 | 445262186,022029 | 213028832,09503108 | 0 | 
2382 | 0 | 0 | 359161184,7028121 | 135227485,9494301 | 839065,8999210806 | 0 | 
2383 | 0 | 0 | 122784867,40147783 | 102148867,44823904 | 0 | 0 | 
2392 | 1245817,2584704633 | 0 | 19776721,58584493 | 38064463,503360316 | -17041924,65904492 | 0 | 
2393 | 0 | 0 | 98385869,33098821 | 25707518,62462606 | 0 | 0 | 
23 | 6039027250,951253 | 0 | 30536686499,568108 | 14563814867,721752 | 21695489899,28455 | 0 | 
2401 | 859730509,8561308 | 0 | 30787613,84900621 | 488787867,6720682 | 401730256,03306884 | 0 | 
2412 | 14758129691,952806 | 0 | 128958625347,61078 | 228219344137,20728 | -84502589097,64368 | 0 | 
2421 | 69400771079,54243 | 0 | 10824880815,443907 | 49335226512,16412 | 30890425382,82222 | 0 | 
2422 | 61897816266,919945 | 0 | 58013234564,17173 | 1706232460,7699149 | 118204818370,32176 | 0 | 
2426 | 1173036803,341525 | 0 | 1459564987,601085 | 3627997980,989282 | -995396190,0466723 | 0 | 
2427 | 161399051040,44455 | 0 | 184676234735,39578 | 102437177122,20772 | 243638108653,63263 | 0 | 
2429 | 4478320937,114779 | 0 | 589933054,5542653 | 1262882428,9818752 | 3805371562,687169 | 0 | 
2465 | 33814,97906167368 | 0 | 0 | 805898,9613127906 | -772083,982251117 | 0 | 
2470 | 2128202,650549367 | 0 | 42158988,48264563 | 35792017,698194206 | 8495173,435000792 | 0 | 
2471 | 1903973427,1536636 | 0 | 13268252231,14884 | 994627225,240958 | 14177598433,061546 | 0 | 
2475 | 3772799749,9034014 | 0 | 53435780501,50566 | 50443819353,52816 | 6764760897,880905 | 0 | 
2476 | 993284341,3441784 | 0 | 9248901552,74795 | 11240963780,177847 | -998777886,0857182 | 0 | 
2477 | 654476286,9654197 | 0 | 21256640648,593983 | 15569870911,294146 | 6341246024,265257 | 0 | 
2478 | 17539145,020153835 | 0 | 145935788,68744057 | 1200787642,024999 | -1037312708,3174045 | 0 | 
2480 | 0 | 0 | 2669038,85613292 | 2761820,884181797 | 0 | 0 | 
2481 | 287345705,4793646 | 0 | 500181130,19276 | 1210731049,9131615 | -423204214,2410369 | 0 | 
2485 | 335819478,2274216 | 0 | 13072048903,713432 | 13002265607,667492 | 405602774,2733612 | 0 | 
2486 | 5142495,191953181 | 0 | 70115774,89762077 | 612009796,3899729 | -536751526,30039895 | 0 | 
2487 | 4346688,449348853 | 0 | 334237488,7278598 | 215109542,91415584 | 123474634,26305282 | 0 | 
2488 | 1951076,2260136742 | 0 | 2886151,8750741733 | 4394701,0749447625 | 442527,0261430852 | 0 | 
2490 | 0 | 0 | 594230,9490574505 | 1050882,640768266 | 0 | 0 | 
2491 | 88114125,12652251 | 0 | 447140090,3317832 | 886956555,0591733 | -351702339,6008676 | 0 | 
2495 | 64520592,12871961 | 0 | 3303149020,7825665 | 4152041520,9513783 | -784371908,040092 | 0 | 
2496 | 101182354,89035213 | 0 | 692489295,7955929 | 951187070,4896998 | -157515419,8037548 | 0 | 
2497 | 8233025,803253338 | 0 | 682565448,9966552 | 91857043,43670024 | 598941431,3632083 | 0 | 
2498 | 1102145,424998878 | 0 | 68988859,51104885 | 2926036,984475524 | 67164967,95157221 | 0 | 
24 | 322208848984,1366 | 0 | 501127996264,42267 | 487697606967,3238 | 335639787714,9551 | 0 | 
2520 | 1208308981,5485795 | 0 | 8144606262,005175 | 2765591439,5039973 | 6587323804,049757 | 0 | 
2530 | 773453826,4789761 | 0 | 2417311344,343572 | 3121959693,368871 | 68805477,45367718 | 0 | 
2572 | 61906815,67735819 | 0 | 710228235,1143576 | 972277174,96149 | -200142124,1697743 | 0 | 
2573 | 34033196,65137767 | 0 | 479333885,89376694 | 831659686,0036044 | -318292603,4584598 | 0 | 
2582 | 0 | 0 | 479098750,758663 | 1234019624,725236 | 0 | 0 | 
2583 | 0 | 0 | 83480853,8510447 | 192633021,7167324 | 0 | 0 | 
2592 | 0 | 0 | 273473695,3658428 | 87462744,13750584 | 0 | 0 | 
2593 | 0 | 0 | 93938578,93596683 | 174130344,09509543 | 28387919,617333535 | 0 | 
25 | 2077702820,3562913 | 0 | 12681471606,268389 | 9379733728,512531 | 6166082473,492534 | 0 | 
2630 | 155084838,00004047 | 0 | 69816651,85414775 | 196753661,14983124 | 28147828,70435697 | 0 | 
2640 | 432666063,25213903 | 0 | 912012107,0228072 | 342649038,1970127 | 1002029132,0779335 | 0 | 
2673 | 2053384,7787386028 | 0 | 9392787,525351388 | 23233918,07164679 | -11787745,7675568 | 0 | 
2674 | 13139377,174530786 | 0 | 50822446,720683396 | 111008370,08795516 | -47046546,19274098 | 0 | 
2683 | 0 | 0 | 28557810,158987407 | 26084240,40303514 | 0 | 0 | 
2693 | 0 | 0 | 2100074,6779306945 | 4391535,617389631 | 0 | 0 | 
2694 | 0 | 0 | 39598734,882774994 | 21291791,93216327 | 0 | 0 | 
26 | 602943663,2054489 | 0 | 1112300612,842683 | 725412555,459034 | 971342668,8219926 | 0 | 
2902 | 0 | 4170090,529625965 | 15105607,8672038 | 832406,2050063115 | 0 | -10103111,132571524 | 
2903 | 0 | 93235581,6757477 | 453797852,4506045 | 219468938,2958867 | 0 | -141093332,4789701 | 
2911 | 0 | 0 | 121641599,16192466 | 144713732,67190334 | 0 | 100676663,70013595 | 
2912 | 0 | 15166095023,67553 | 364395141050,17957 | 32537580609,637566 | 0 | -316691465416,86646 | 
2913 | 0 | 14276860864,795212 | 1219772097290,8977 | 707892296174,4939 | 0 | -497602940251,60864 | 
2914 | 0 | 1754157680,383305 | 22498487774,71368 | 12128211338,497053 | 0 | -8616118755,833323 | 
2915 | 0 | 17925280,54705923 | 32088975,24099204 | 37890322,96440213 | 0 | 23726628,270469323 | 
2932 | 0 | 12236820,808683017 | 141564088,99432766 | 58318851,07893556 | 0 | -71008417,10670908 | 
2933 | 0 | 7087714,696881082 | 127701789,38649175 | 159696846,40479967 | 0 | 39082771,71518901 | 
2941 | 0 | 296025016,7054061 | 1284069985,171533 | 881413144,2507387 | 0 | -106631824,21538818 | 
2942 | 0 | 1937592167,7622557 | 17391186213,306217 | 15089822883,408918 | 0 | -363771162,1350422 | 
2952 | 0 | 11857697,374585956 | 321503857,71990246 | 45460600,59330098 | 0 | -264185559,75201553 | 
2953 | 0 | 20365260,18312291 | 710599730,6667088 | 1530970793,301731 | 0 | 840736322,8181452 | 
2963 | 0 | 1514245,8470459266 | 43880602,254012436 | 27584631,55309648 | 0 | -14781724,853870027 | 
2964 | 0 | 8142076,792379375 | 9740403,984370306 | 269670576,07958025 | 0 | 268072248,8875893 | 
29 | 0 | 33607265521,776836 | 1627318606821,9954 | 771023931849,4368 | 0 | -822609804920,5914 | 
ПО КЛАССУ | 1603017985555,8179 | 33607265521,776836 | 28284849028891,848 | 20875114840851,12 | 8146344012998,261 | -822609804920,5914 | 
КЛАСС  3  Счета по операциям клиентов |  |  |  |  |  |  | 
3011 | 0 | 8400134201,357034 | 10033267844316,791 | 1478056221539,7952 | 0 | -8546811488575,639 | 
3012 | 0 | 1436593980768,8206 | 174389331906912,44 | 179549690808659 | 0 | 6596952882515,375 | 
3013 | 0 | 16461217043,914536 | 277117016179,85364 | 2775772470656,3193 | 0 | 2515116671520,3804 | 
3014 | 0 | 21619038857,081264 | 855999594604,4293 | 1009810712231,404 | 0 | 175430156484,05603 | 
3015 | 0 | 572588451,9897639 | 41598273865,98388 | 1177957126428,6929 | 0 | 1136931441014,6987 | 
3021 | 0 | 322864164,55247724 | 64233428794,287766 | 66851278349,55167 | 0 | 2940713719,8163757 | 
3022 | 0 | 43441,62447539119 | 0 | 83,67215803769653 | 0 | 43525,29663342889 | 
3024 | 0 | 1596391281,2903416 | 25012595266,363884 | 82307954382,55443 | 0 | 58891750397,48088 | 
3071 | 0 | 37161,69544525905 | 9209,129226345744 | 287,98646927013846 | 0 | 28240,552688183445 | 
30 | 0 | 1485566295372,326 | 185686560669149,25 | 186140446572619 | 0 | 1939452198842,0183 | 
3102 | 0 | 500244886,8961895 | 48731510830,19318 | 192762636202,2993 | 0 | 144531370259,0023 | 
3104 | 0 | 132644711,2865228 | 2629299010,1435513 | 3066366266,0380297 | 0 | 569711967,1810012 | 
3105 | 0 | 80785,98062828524 | 95604,79309228627 | 193310,7988232433 | 0 | 178491,98635924226 | 
3106 | 0 | 0 | 142970,10828023092 | 926464,2639616972 | 0 | 8119936,610462099 | 
3111 | 0 | 16576358,042028725 | 25446345,36996225 | 18680199,847598705 | 0 | 9810212,519665182 | 
3112 | 0 | 602118001,3355994 | 104842320975,18071 | 45170259991,971 | 0 | -59069942981,87411 | 
3113 | 0 | 33888598,15465903 | 3880531011,4875855 | 2275845795,2667565 | 0 | -1570796618,0661702 | 
3114 | 0 | 125076422647,55403 | 4308867010262,8257 | 14925156343412,566 | 0 | 10741365755797,295 | 
3115 | 0 | 30547614,050385725 | 976822969,8292503 | 2161453596,5941453 | 0 | 1215178240,8152807 | 
3119 | 0 | 94370989,27430813 | 2057813180,0488884 | 4177429025,214086 | 0 | 2213986834,4395056 | 
3120 | 0 | 41803,76744072534 | 349497809538,8385 | 269659853047,78632 | 0 | -79837914687,28473 | 
3121 | 0 | 414372,9573626601 | 12385127415,419914 | 683417283,0684129 | 0 | -11701295759,394138 | 
3122 | 0 | 42023547,68607144 | 468823079,3043523 | 768121603,8270187 | 0 | 341322072,2087379 | 
3123 | 0 | 265256,8680462288 | 4078227748,676705 | 280542521,1925749 | 0 | -3797419970,6160836 | 
3132 | 0 | 986673198,5149584 | 8787527139,730246 | 3907196538,567158 | 0 | -3893657402,648129 | 
3134 | 0 | 409599179,6816812 | 1182165821,926592 | 1161125565,6595206 | 0 | 388558923,4146097 | 
3135 | 0 | 4403368246,320947 | 154106364709,26672 | 145278831004,48868 | 0 | -4424165458,457092 | 
3140 | 0 | 1963080115,2216513 | 5487516674101,688 | 4163551286375,809 | 0 | -1322002307610,6577 | 
3152 | 0 | 24977081552,035355 | 82808575420,61798 | 36505247911,33564 | 0 | -21326245957,246986 | 
3154 | 0 | 9582165539,129473 | 1448941071,9966378 | 12604265872,065926 | 0 | 20737490339,19876 | 
3161 | 0 | 513211304,20163846 | 1737547622,5583498 | 732050875,0830432 | 0 | -492285443,27366817 | 
3162 | 0 | 234344121381,33994 | 1916143774249,3586 | 691603439702,3411 | 0 | -990196213165,6777 | 
3165 | 0 | 363572499,1015479 | 250389975,3212246 | 181295829,65753433 | 0 | 294478353,4378576 | 
3172 | 0 | 3269162,171550671 | 27110061,374369852 | 11431343,054709293 | 0 | -12409556,148109887 | 
3174 | 0 | 21881,9663061099 | 71496,39267268493 | 28100,553700879853 | 0 | -21513,87266569518 | 
3184 | 0 | 3295015036,8369474 | 1869251205,1583638 | 358989122,3645677 | 0 | 1784752954,0431514 | 
3191 | 0 | 86,05597052002553 | 67,6201364729854 | 0 | 0 | 18,43583404704013 | 
3198 | 0 | 20717349,564633027 | 164232461,17062575 | 140228732,3758748 | 0 | -3286379,230117947 | 
31 | 0 | 407391536105,996 | 12494483606346,4 | 20502217485694,09 | 0 | 8415132751896,139 | 
3402 | 0 | 1600941802,9066575 | 309985331331,95984 | 310176184459,9213 | 0 | 1791794930,868164 | 
3404 | 0 | 243010000,80136535 | 7526472084,91594 | 8524391075,895147 | 0 | 1240928991,780572 | 
3405 | 0 | 67587416,31123814 | 65787112,11576313 | 72809029,8307279 | 0 | 74609334,02620292 | 
3411 | 0 | 475318228432,1723 | 742084678600,7712 | 2320491337796,648 | 0 | 2053724887628,049 | 
3412 | 0 | 182639682127,5625 | 13555096482507,938 | 13217211743874,584 | 0 | -155245056505,79102 | 
3413 | 0 | 789916641,3384978 | 26433741400,759876 | 28113435996,042625 | 0 | 2469611236,6212463 | 
3414 | 0 | 1621769447341,3413 | 1504986372221,976 | 5734925177323,204 | 0 | 5851708252442,569 | 
3415 | 0 | 274493529840,24072 | 455408484085,3051 | 144094775087,10788 | 0 | -36820179157,95651 | 
3421 | 0 | 0 | 146994,43388521625 | 89709425,65506962 | 0 | 126963729,97595985 | 
3422 | 0 | 0 | 1493007098,3731709 | 775769651,111549 | 0 | 42835898,96029424 | 
3471 | 0 | 0 | 455658930,4003468 | 691214154,8880957 | 0 | 194111103,42319083 | 
34 | 0 | 2556922343602,675 | 16603536162368,95 | 21765166547874,89 | 0 | 7719308759632,526 | 
3601 | 0 | 3084300749,0499105 | 674580106213,2114 | 1178630097993,9563 | 0 | 507134292529,7948 | 
3603 | 0 | 10699384,73832957 | 1310170812,99419 | 1503767954,5777078 | 0 | 204296526,32184744 | 
3604 | 0 | 940806661,6337276 | 268453485189,28482 | 171403954498,98303 | 0 | -96108724028,66806 | 
3605 | 0 | 37830042810,511154 | 5372329409329,16 | 3308568841816,4175 | 0 | -2025930524702,232 | 
3606 | 0 | 0 | 144316105,81824732 | 7697547645,774872 | 0 | 515050491,8959205 | 
3609 | 0 | 0 | 33323259,18654604 | 57947854,35894899 | 0 | 22,63644223736472 | 
3611 | 0 | 0 | 171417751,42514455 | 252872370,77338925 | 0 | 0 | 
3620 | 0 | 3661412879,2609005 | 286100433717,2339 | 584899238055,5029 | 0 | 302460217217,52997 | 
3622 | 0 | 1945898850,7183018 | 17308959482,811516 | 7561269229,002543 | 0 | -7801791403,090671 | 
3629 | 0 | 6050,48784081431 | 25701,03523549155 | 187871,46984306455 | 0 | 168220,9224483873 | 
3630 | 0 | 921027691,2576421 | 13275567210,50215 | 7527618954,596664 | 0 | -4826920564,647842 | 
3631 | 0 | 947181505,7574487 | 565636396,5592028 | 11873121209,865606 | 0 | 12254666319,063852 | 
3632 | 0 | 52046386195,602234 | 1223857318295,415 | 587059842657,3629 | 0 | -584751089442,4498 | 
3634 | 0 | 38417070770,319786 | 160372723914,25043 | 90047184800,31795 | 0 | -31908468343,612686 | 
3641 | 0 | 17632753,732165653 | 956419057,9499162 | 990804247,2754931 | 0 | 52017943,057742596 | 
3642 | 0 | 10733449872,90907 | 236512645189,46927 | 49474478129,11588 | 0 | -176304717187,44434 | 
3649 | 0 | 358,4610319614297 | 210,43982228739515 | 13615,233335714891 | 0 | 13763,254545388925 | 
36 | 0 | 150555916534,43954 | 8255971957836,747 | 6007548788904,586 | 0 | -2105011512637,6675 | 
3800 | 0 | 0 | 15579617045943,814 | 9007457968573,525 | 93020193743,59178 | 0 | 
3801 | 0 | 0 | 134016601569,55997 | 141489344815,0388 | 0 | 0 | 
3802 | 174450218,7962445 | 0 | 12768635973113,639 | 18619540246846,63 | -5850729823514,193 | 0 | 
3806 | 0 | 0 | 51442122,69046521 | 35947806,01094863 | 0 | 0 | 
3809 | 323813885,0120614 | 0 | 733078745808,2991 | 1043569218639,714 | -310166658946,40283 | 0 | 
3810 | 0 | 27430503904,136547 | 43055195741137,18 | 52946756113756,04 | 0 | 9918990876522,992 | 
3811 | 0 | 0 | 4054452495029,779 | 4183760577483,33 | 0 | 2755702,5305569945 | 
3812 | 0 | 2175356195,794543 | 19679727986804,258 | 15443657845721,656 | 0 | -4233894784886,8086 | 
3816 | 0 | 0 | 5235038325,294536 | 6270483795,322033 | 0 | 0 | 
3819 | 0 | 3420828777,8726196 | 1470543565582,0269 | 15023928394188,791 | 0 | 13556805657384,637 | 
38 | 498264103,8083059 | 33026688877,80371 | 97480554635436,55 | 116416466141626,08 | -6067876288717,004 | 19241904504723,35 | 
3928 | 0 | 106461,76270303768 | 12651560,858611748 | 27406251,29533073 | 0 | 14861152,199422019 | 
39 | 0 | 106461,76270303768 | 12651560,858611748 | 27406251,29533073 | 0 | 14861152,199422019 | 
ПО КЛАССУ | 498264103,8083059 | 4633462886955,003 | 320521119682698,75 | 350831872942970 | -6067876288717,004 | 35210801563608,56 | 
КЛАСС  4  Ценные бумаги |  |  |  |  |  |  | 
4200 | 102342220942,99898 | 0 | 150976484534,604 | 145833866198,65878 | 107484839278,94418 | 0 | 
4207 | 0 | 0 | 857553955,9903753 | 2120067311,5623682 | 0 | 0 | 
4270 | 23535661,125619568 | 0 | 10274429806,494781 | 18604718897,43628 | -8306753429,815878 | 0 | 
42 | 102365756604,1246 | 0 | 162108468297,08917 | 166558652407,65744 | 99178085849,12831 | 0 | 
4300 | 47926019291,42069 | 0 | 450870113,10392 | 210483367,95229435 | 48166406036,57232 | 0 | 
4301 | 2729944067,551515 | 0 | 42895766718,03801 | 3261233,383243365 | 45622449552,20628 | 0 | 
4303 | 0 | 0 | 672309325797,1387 | 1952325811628,3015 | 0 | 0 | 
4304 | 12700976200,660374 | 0 | 35117601482,648735 | 17370789936,08918 | 30447787747,219933 | 0 | 
4307 | 4913248299,279808 | 0 | 67552520912,82014 | 180140651755,70496 | -107674882543,60501 | 0 | 
4344 | 7693067971,545844 | 0 | 1167400724,8206966 | 22574927737,27099 | -13714459040,904448 | 0 | 
4370 | 2123630219,1747112 | 0 | 79696621563,19624 | 55256168824,72439 | 26564082957,64657 | 0 | 
4374 | 987774829,9496461 | 0 | 2572829368,0254474 | 772339630,5377225 | 2788264567,437371 | 0 | 
4380 | 4607973078,968523 | 0 | 6571202412,556089 | 1215315097,395168 | 9963860394,129444 | 0 | 
43 | 83682633958,55112 | 0 | 908334139092,3479 | 2229869749211,3594 | 42163509670,70245 | 0 | 
4720 | 0 | 0 | 31004633,09146852 | 26723306,400275413 | 0 | 0 | 
4730 | 0 | 6525294842,136013 | 19806816423,3356 | 31165345220,554104 | 0 | 17883823639,354515 | 
4734 | 0 | 464446414,53612435 | 180939206,0821532 | 239260631,67967337 | 0 | 522767840,1336445 | 
47 | 0 | 6989741256,672137 | 20018760262,509224 | 31431329158,634052 | 0 | 18406591479,48816 | 
4920 | 0 | 87239530,61737621 | 2657799050,769927 | 6048108026,9847355 | 0 | 3477548506,832185 | 
4930 | 0 | 5281072,848791002 | 15007395,090419635 | 120219609,43046533 | 0 | 110493287,1888367 | 
4940 | 0 | 517446452725,27936 | 51067542395,776665 | 314069033532,17975 | 0 | 780447943861,6824 | 
4972 | 0 | 1316327,890557206 | 71844366,02402952 | 55640043,126186036 | 0 | -14887995,007286288 | 
4973 | 0 | 247490,80292591598 | 354481512,29505736 | 324410790,12055427 | 0 | -29823231,371577144 | 
4974 | 0 | 7404177198,830799 | 224655225738,65823 | 147069317232,59494 | 0 | -70181731307,23248 | 
49 | 0 | 524944714346,26984 | 278821900458,6143 | 467686729234,43665 | 0 | 713809543122,092 | 
ПО КЛАССУ | 186048390562,67572 | 531934455602,94196 | 1369283268110,5605 | 2895546460012,0874 | 141341595519,83075 | 732216134601,5802 | 
КЛАСС  5  Долгосрочные финансовые вложения в уставные фонды юридических лиц, основные средства и прочее имущество |  |  |  |  |  |  | 
5100 | 82080,87734219922 | 0 | 0 | 0 | 82080,87734219922 | 0 | 
5101 | 608987,8967457229 | 0 | 561789,1545543573 | 0 | 1170777,05130008 | 0 | 
5102 | 607519966,1697775 | 0 | 522135387,3607565 | 0 | 1129655353,530534 | 0 | 
51 | 608211034,9438654 | 0 | 522697176,5153109 | 0 | 1130908211,4591763 | 0 | 
5202 | 1040663791,1819221 | 0 | 9583884610,086576 | 0 | 10624548401,2685 | 0 | 
52 | 1040663791,1819221 | 0 | 9583884610,086576 | 0 | 10624548401,2685 | 0 | 
5400 | 408222088,65980583 | 0 | 846467672,1841701 | 28231528,39974949 | 1226458232,4442265 | 0 | 
5403 | 2897225,108239416 | 0 | 490535970,976538 | 698580252,9761671 | -205147056,89138967 | 0 | 
5490 | 0 | 98114677,74595645 | 11444517,843248 | 199364426,98283166 | 0 | 286034586,8855401 | 
54 | 411119313,76804525 | 98114677,74595645 | 1348448161,003956 | 926176208,3587482 | 1021311175,5528369 | 286034586,8855401 | 
5510 | 101703175593,8272 | 0 | 226243505068,5403 | 26749189167,981712 | 301197491494,3858 | 0 | 
5521 | 38001977787,987495 | 0 | 34077320784,81582 | 7740486877,799957 | 64338811695,00336 | 0 | 
5522 | 23825907206,7458 | 0 | 40571675875,16904 | 20265023609,24633 | 44132559472,66851 | 0 | 
5529 | 58648572376,401344 | 0 | 87095901227,36127 | 2175829923,8891683 | 143568643679,87344 | 0 | 
5531 | 0 | 0 | 129342368649,32884 | 137703582052,96072 | 0 | 0 | 
5532 | 291713717,7010618 | 0 | 1038506875,894398 | 356769110,1108894 | 973451483,4845703 | 0 | 
5550 | 8131426441,643091 | 0 | 8102314940,757345 | 1995616548,391054 | 14238124834,009382 | 0 | 
5561 | 1588239,5748829027 | 0 | 184605532597,47025 | 33067038192,045288 | 151540082644,99985 | 0 | 
5562 | 6659760958,5947 | 0 | 90558225634,7995 | 44426744414,94762 | 52791242178,44658 | 0 | 
5570 | 1155200065,9532387 | 0 | 1731409567,885075 | 1453900645,984329 | 1432708987,853985 | 0 | 
5580 | 3407450624,5647964 | 0 | 36518027283,72816 | 14228067671,10534 | 25697410237,187614 | 0 | 
5592 | 0 | 24139874151,975693 | 4675226722,253789 | 387362827016,60986 | 0 | 406827474446,3318 | 
5593 | 0 | 2875559665,2899227 | 1667415236,4728453 | 8441858083,623567 | 0 | 9650002512,440643 | 
5594 | 0 | 74613819,26235576 | 246444910,65898344 | 558198594,1037445 | 0 | 386367502,70711684 | 
55 | 241826773012,9936 | 27090047636,527973 | 846473875375,1356 | 686525131908,7996 | 799910526707,9132 | 416863844461,47955 | 
5600 | 1878530066,2585042 | 0 | 43715525833,79695 | 19738109471,475353 | 25855946428,580105 | 0 | 
56 | 1878530066,2585042 | 0 | 43715525833,79695 | 19738109471,475353 | 25855946428,580105 | 0 | 
5700 | 112759375,1634986 | 0 | 3417739153,3924565 | 3295372427,6176834 | 235126100,93827152 | 0 | 
5701 | 0 | 0 | 904492146,1572379 | 771785955,2158412 | 0 | 0 | 
57 | 112759375,1634986 | 0 | 4322231299,549694 | 4067158382,8335247 | 235126100,93827152 | 0 | 
ПО КЛАССУ | 245878056594,30942 | 27188162314,27393 | 905966662456,088 | 711256575971,4672 | 838778367025,7123 | 417149879048,3651 | 
КЛАСС  6  Прочие активы и прочие пассивы |  |  |  |  |  |  | 
6000 | 395923862764,98413 | 0 | 62860432987,35653 | 15138641198,825005 | 443645654553,5156 | 0 | 
60 | 395923862764,98413 | 0 | 62860432987,35653 | 15138641198,825005 | 443645654553,5156 | 0 | 
6100 | 19320392130,948776 | 0 | 43885803173539,97 | 90125427386484,73 | -46220303820813,82 | 0 | 
6101 | 54871121406,01902 | 23661245737,33796 | 10845172801169,8 | 92587323131498,3 | -81687279208922,47 | 81765811576065,83 | 
6110 | 0 | 184714022674,51364 | 158339920692834,1 | 66808975923709,76 | 0 | -91346230746449,84 | 
6111 | 14386368302,850378 | 147500475734,30255 | 27246843067465,492 | 1044180853472,953 | 26217048582295,39 | -26055161738258,24 | 
6120 | 857652587841,6665 | 0 | 1002016286164,8315 | 386131410006,6502 | 1473537463999,848 | 0 | 
6121 | 410822450184,30414 | 0 | 114957435224,69261 | 323473628273,91815 | 202306257135,0786 | 0 | 
6123 | 426980284567,9531 | 0 | 10433511838,987259 | 603209196729,868 | -165795400322,92767 | 0 | 
6130 | 0 | 1125403479973,642 | 1776119932888,2188 | 15106152728,73507 | 0 | -635610300185,8416 | 
6131 | 0 | 325633684544,60095 | 127003285410,66937 | 125825816468,67453 | 0 | 324456215602,6061 | 
6133 | 0 | 458849761771,42084 | 696769299707,0433 | 8340370774,781112 | 0 | -229579167160,8414 | 
6161 | 290128430198,6668 | 0 | 520147689470,84076 | 718650619797,1227 | 91625499872,38489 | 0 | 
6162 | 0 | 0 | 2653877075541,2344 | 1378544363133,392 | 0 | 0 | 
6164 | 0 | 0 | 27112758,697241526 | 26173377,253032856 | 0 | 0 | 
6165 | 0 | 0 | 473809678530,2896 | 389557249638,5847 | 0 | 0 | 
6166 | 0 | 0 | 521367841,0281201 | 1466908222,141618 | 0 | 0 | 
6167 | 0 | 0 | 1296161884,3988667 | 1936764702,574687 | 0 | 0 | 
6169 | 951298245,4222989 | 0 | 150590404917,51752 | 121363008339,22736 | 30178694823,712463 | 0 | 
6171 | 0 | 378020684112,5083 | 507825299250,311 | 286997373642,415 | 0 | 157192758504,6123 | 
6172 | 0 | 0 | 789068422635,4999 | 2592308896968,1675 | 0 | 0 | 
6174 | 0 | 0 | 17647596,039064102 | 2887481,765460529 | 0 | 0 | 
6175 | 0 | 0 | 197186349230,78412 | 347604972146,274 | 0 | 0 | 
6176 | 0 | 0 | 4153351959,394797 | 6421456796,615371 | 0 | 0 | 
6177 | 0 | 0 | 3577546636,7751956 | 833649248,6573585 | 0 | 0 | 
6179 | 0 | 1382804392,7122223 | 7477097102,122335 | 79760441521,40831 | 0 | 73666148811,9982 | 
61 | 2075112932877,831 | 2645166158941,039 | 249354614691598,75 | 257953468635163,97 | -100058681931932,78 | -35945455253069,72 | 
6213 | 0 | 0 | 0 | 12869610150,824268 | 0 | 7696993481,137481 | 
6219 | 0 | 0 | 1160782627,1228862 | 1132192971,4704773 | 0 | 0 | 
6251 | 0 | 5265739882,90009 | 215618120879,82303 | 93056060981,15489 | 0 | -117296320015,76805 | 
62 | 0 | 5265739882,90009 | 216778903506,94592 | 107057864103,44965 | 0 | -109599326534,63057 | 
6301 | 0 | 0 | 314813102,0522514 | 584269122,1336883 | 0 | 0 | 
6302 | 0 | 86952096,92051113 | 148427716648,67233 | 284065998083,7391 | 0 | 135725233531,98724 | 
6303 | 0 | 0 | 13281425364049,602 | 14645146279204,72 | 0 | 0 | 
6331 | 0 | 0 | 3863268305509,594 | 3489333525548,3677 | 0 | 0 | 
6339 | 0 | 0 | 13535563414579,525 | 9973428017422,58 | 0 | 0 | 
63 | 0 | 86952096,92051113 | 30828999613889,445 | 28392558089381,54 | 0 | 135725233531,98724 | 
6431 | 0 | 320525612,3796235 | 1137260271,6854327 | 42766053,8078062 | 0 | -773968605,498003 | 
6433 | 0 | 51097323,76437761 | 451757254,7436037 | 493231129,085052 | 0 | 92571198,1058259 | 
6434 | 0 | 0 | 2164669,6431762623 | 1507514,8512902318 | 0 | 1810718,6630326489 | 
6439 | 0 | 31181,68925290902 | 2146365,3811732763 | 3892580,5078881173 | 0 | 1777396,8159677498 | 
6473 | 81637007,23677604 | 0 | 3029451780,384401 | 1834544792,8249316 | 1276543994,796245 | 0 | 
6474 | 248702346,02672485 | 0 | 5399108717,452356 | 1664969265,8216047 | 3982841797,6574764 | 0 | 
6479 | 13143031988,152613 | 0 | 17667394028,030956 | 22634241835,94519 | 8176184180,23838 | 0 | 
64 | 13473371341,416113 | 371654117,833254 | 27689283087,3211 | 26675153172,843765 | 13435569972,692102 | -677809291,9131767 | 
6501 | 15340538484,601913 | 0 | 134683990215,477 | 27790888085,93999 | 122233640614,13893 | 0 | 
6502 | 29515194,18583071 | 0 | 233316051,78675717 | 238995867,09139982 | 23835378,881188065 | 0 | 
6510 | 0 | 0 | 67348479562,689186 | 64192693825,80849 | 0 | 0 | 
6520 | 0 | 0 | 697050292,2764237 | 951167804,316811 | 109479,19099289544 | 0 | 
6530 | 617971255,1259407 | 0 | 45308710745,645134 | 28784056229,503162 | 17142625771,26791 | 0 | 
6531 | 133996198,64101395 | 0 | 2430822321,941413 | 2664497123,8332663 | -99678603,25083923 | 0 | 
6540 | 2255135341,124392 | 0 | 42733948147,3961 | 124235977887,75833 | -79246894399,23784 | 0 | 
6570 | 2661493192,0821924 | 0 | 17442263042,631798 | 15155378736,830412 | 4948377497,883577 | 0 | 
65 | 21038649665,761284 | 0 | 310878580379,8438 | 264013655561,08188 | 65002015738,87395 | 0 | 
6601 | 0 | 54912747310,82118 | 147836738743,3237 | 171137305884,75772 | 0 | 78213314452,2552 | 
6602 | 0 | 37184,13323160627 | 6093831236,660256 | 3990448494,2557673 | 0 | -2103345558,2712579 | 
6610 | 0 | 0 | 164792463849,78543 | 153783863382,91226 | 0 | 0 | 
6611 | 0 | 0 | 5218611,439303446 | 3167047,3408486005 | 0 | 233049,60949795463 | 
6620 | 0 | 0 | 45602553,70954797 | 645415391,2178873 | 0 | 0 | 
6630 | 0 | 76492100,35211521 | 242497725434,86893 | 260643509519,2735 | 0 | 18222276184,756683 | 
6631 | 0 | 9170033,871344399 | 4787507951,279736 | 14605176396,39204 | 0 | 9826838478,98365 | 
6640 | 0 | 14214101986,308475 | 18590511191,960636 | 222977523922,58737 | 0 | 218601114716,9352 | 
6650 | 0 | 4618324261,395734 | 2739588437,6368303 | 6763219296,92632 | 0 | 8641955120,685223 | 
6661 | 0 | 0 | 22589609337,254265 | 19981645770,04454 | 0 | 0 | 
6662 | 0 | 121392706,52732976 | 10836954596,57043 | 3507054687,527263 | 0 | -7208507202,515837 | 
6670 | 0 | 4053410695,6874976 | 16377023741,432924 | 2792745226,9941287 | 0 | -9530867818,751297 | 
66 | 0 | 78005676279,09691 | 637192775685,9222 | 860831075020,2297 | 0 | 314663011423,68713 | 
6700 | 6380194,890558702 | 0 | 3257905362,96173 | 2421348202,749917 | 842937355,1023717 | 0 | 
6701 | 47650299,880541876 | 0 | 862412753,0540589 | 2910915324,083543 | -2000852271,148942 | 0 | 
6703 | 617767696,5043633 | 0 | 1216146393,6894703 | 3067206031,1512423 | -1233291940,9574087 | 0 | 
6704 | 14095283,250536125 | 0 | 220907250,90153834 | 376653139,66044396 | -141650605,5083695 | 0 | 
6705 | 0 | 0 | 495746147,2035698 | 639450187,2196803 | 11112782,443653736 | 0 | 
6706 | 0 | 0 | 123117742,93042925 | 9420316,472518275 | 1172124,7756859295 | 0 | 
6707 | 388989,1596099645 | 0 | 29691965,911584087 | 172098939,23748362 | -142017984,16628957 | 0 | 
6709 | 198736647,45434573 | 0 | 1056388588,1281995 | 896173499,7780718 | 358951735,8044735 | 0 | 
6717 | 1141593068,0160205 | 0 | 6915554084,952914 | 34790937436,292366 | -26733790283,323433 | 0 | 
6719 | 0 | 0 | 29208,487095425517 | 14088,868724777512 | 0 | 0 | 
6726 | 0 | 0 | 4850304,3745087525 | 4476992,518315532 | 0 | 0 | 
6727 | 183448,01666113967 | 0 | 38848604,280184366 | 36969921,3013018 | 2062130,9955437034 | 0 | 
6728 | 616770365,7243245 | 0 | 1195926106,9610362 | 292893314,1515755 | 1519803158,533785 | 0 | 
6729 | 1823621,8147433067 | 0 | 3155142,013578738 | 9476656,71812102 | -4497892,889798976 | 0 | 
6730 | 1616212,0397989126 | 0 | 2304556739,794088 | 116327600,63381733 | 2189845351,2000694 | 0 | 
6731 | 0 | 0 | 68140653,85093689 | 109662050,27533242 | 9635011,94736563 | 0 | 
6733 | 5843,6101444859205 | 0 | 20915703,694590013 | 24959860,429436564 | -4038313,124702066 | 0 | 
6734 | 22394,242601300666 | 0 | 1189710,7727022758 | 25339132,718097113 | -24127027,70279354 | 0 | 
6736 | 0 | 0 | 7416091,555212099 | 3741754,166580135 | 0 | 0 | 
6739 | 15598092,16826439 | 0 | 488898140,8420127 | 603093040,3581054 | -98596807,34782833 | 0 | 
6747 | 1097865,8917175308 | 0 | 2430405412,5385795 | 430585109,7369632 | 2000918168,6933336 | 0 | 
6757 | 23855967,99412772 | 0 | 83525865,50012249 | 116306589,41511716 | -8924755,920866951 | 0 | 
6758 | 0 | 0 | 73947,65893604758 | 63138,790913171906 | 0 | 0 | 
6759 | 7173568,261315409 | 0 | 71160,66083498643 | 31741993,417820632 | -24497264,495670237 | 0 | 
67 | 2694759558,919675 | 0 | 20825873082,71791 | 47089854320,145485 | -23479847327,089817 | 0 | 
6800 | 0 | 34616,476938996966 | 10753057,24884044 | 10932260,98683181 | 0 | 213820,21493036672 | 
6801 | 0 | 21676571,557615764 | 42511713,38534496 | 139015383,21194214 | 0 | 118180241,38421294 | 
6803 | 0 | 25730313,90709351 | 96497334,14776297 | 2644106,6359619536 | 0 | -68122913,60470751 | 
6810 | 0 | 2025295991,1725461 | 61715056583,713844 | 33855311423,53697 | 0 | -25834449169,00433 | 
6817 | 0 | 0 | 1653793,2065527705 | 1300270,5684364776 | 0 | 0 | 
6819 | 0 | 1011457,17922487 | 26089521,24767098 | 4758933,041080197 | 0 | -20319131,027365908 | 
6829 | 0 | 11927244,114556288 | 429092106,36939037 | 993832497,068031 | 0 | 576667634,8131969 | 
6831 | 7794103826,414625 | 0 | 0 | 2256455624,4887424 | 5537648201,925882 | 0 | 
6841 | 0 | 0 | 11534789689,261652 | 13949941781,55259 | 0 | 0 | 
6873 | 0 | 0 | 178633,74198714146 | 598097,0156642388 | 0 | 0 | 
68 | 7794103826,414625 | 2085676194,4079757 | 73856622432,32306 | 51214790378,10624 | 5537648201,925882 | -25227829517,224064 | 
6901 | 881655364672,567 | 11965827516,49034 | 29849836532716,848 | 38499617158538,445 | -7768125261149,031 | 8661746453338,09 | 
6911 | 9311675371,061548 | 342097422544,468 | 217148842729,99927 | 73636883179548 | -73410422661446,94 | 73761831759362,47 | 
6921 | 0 | 0 | 9785239595768,742 | 7454328898204,628 | 0 | 0 | 
6941 | 0 | 0 | 13756088344,206976 | 72291802106,45554 | 0 | 0 | 
6980 | 0 | 0 | 277135459848,80054 | 95774266281,92271 | 0 | 0 | 
69 | 890967040043,6285 | 354063250060,9584 | 40143116519408,59 | 119758895304679,44 | -81178547922595,97 | 82423578212700,56 | 
ПО КЛАССУ | 3407004720078,955 | 3085045107573,156 | 321676813296059,25 | 407476943062979,6 | -180733088813388,88 | 46793006239242,76 | 
КЛАСС  7  Собственный капитал банка |  |  |  |  |  |  | 
7301 | 0 | 77867527786,08264 | 0 | 51627689832,42748 | 0 | 129495217618,51013 | 
7310 | 0 | 78553,66897778401 | 0 | 0 | 0 | 78553,66897778401 | 
7321 | 0 | 17840319686,251873 | 2069316342,9719758 | 6248744770,689372 | 0 | 22019748113,96927 | 
7327 | 0 | 182629716733,3209 | 5443988671,456275 | 78954506882,21786 | 0 | 256140234944,0825 | 
7329 | 0 | 10703943,943954406 | 15781164385,36846 | 13671511586,862898 | 0 | -2098948854,5616074 | 
7350 | 0 | 0 | 153325345054,67734 | 36105365379,43258 | 0 | 0 | 
7361 | 0 | 0 | 110832665050,77399 | 68018284281,333435 | 0 | 0 | 
7370 | 0 | 144664814287,80664 | 4695979977469,946 | 3279216174658,978 | 0 | -1272098988523,1616 | 
7390 | 0 | 88418955618,24434 | 259866452636,97797 | 165678193953,58746 | 0 | -5769303065,146179 | 
7391 | 0 | 1031428147,026483 | 1662585273,809671 | 4429408696,058972 | 0 | 3798251569,2757845 | 
73 | 0 | 512463544756,3458 | 5244961494885,981 | 3703949880041,588 | 0 | -868513709643,3629 | 
ПО КЛАССУ | 0 | 512463544756,3458 | 5244961494885,981 | 3703949880041,588 | 0 | -868513709643,3629 | 
КЛАСС  8  Доходы банка |  |  |  |  |  |  | 
8004 | 0 | 0 | 5208820228,844632 | 21699263598,517414 | 0 | 0 | 
8010 | 0 | 0 | 487846088,25646514 | 371395758,9830519 | 0 | 0 | 
8011 | 0 | 0 | 19556556,337501384 | 41405932,907396965 | 0 | 0 | 
8012 | 0 | 0 | 997788,7322986445 | 424661,8827324991 | 0 | 0 | 
8013 | 0 | 0 | 13177811163,702274 | 3758089363,9199677 | 0 | 0 | 
8014 | 0 | 0 | 1342983192,7254763 | 3791600558,576453 | 0 | 0 | 
8022 | 0 | 0 | 76468932,3854287 | 212161988,3956738 | 0 | 0 | 
8023 | 0 | 0 | 2001533440,036363 | 7091229996,561303 | 0 | 0 | 
8031 | 0 | 0 | 218516718,7650258 | 290866569,85595644 | 0 | 0 | 
8032 | 0 | 0 | 383355816090,2624 | 226443079183,50836 | 0 | 0 | 
8033 | 0 | 0 | 461821389055,1934 | 1284602025552,9343 | 0 | 0 | 
8034 | 0 | 0 | 49010824079,920166 | 66032314837,031525 | 0 | 0 | 
8042 | 0 | 0 | 1044803912,5840089 | 952567278,7744782 | 0 | 0 | 
8043 | 0 | 0 | 82937083,09446175 | 263937646,8095623 | 0 | 0 | 
8050 | 0 | 0 | 21983521,617098335 | 54385080,11179158 | 0 | 0 | 
8051 | 0 | 0 | 1107406697,0980914 | 5526007593,725376 | 0 | 0 | 
8052 | 0 | 0 | 71090821208,93181 | 78427923409,075 | 0 | 0 | 
8062 | 0 | 0 | 65392138,55634878 | 1231558517,434681 | 0 | 0 | 
8063 | 0 | 0 | 1094763890,135457 | 51322287,75130984 | 0 | 0 | 
8073 | 0 | 0 | 52713062,52765195 | 2796472,4663967267 | 0 | 0 | 
8074 | 0 | 0 | 142801715,58312127 | 154216650,53228384 | 0 | 0 | 
8082 | 0 | 0 | 10463246667,768917 | 8104706929,149984 | 0 | 0 | 
8083 | 0 | 0 | 149241660467,7406 | 107370799435,17616 | 0 | 0 | 
8099 | 0 | 0 | 67011471179,24998 | 11876154419,441097 | 0 | 0 | 
80 | 0 | 0 | 1218142564880,049 | 1828350233723,522 | 0 | 0 | 
8100 | 0 | 0 | 2117542540,8955796 | 2556323566,6012373 | 0 | 0 | 
8101 | 0 | 0 | 78850017347,7592 | 28702799299,521797 | 0 | 0 | 
8110 | 0 | 0 | 2420680040,364893 | 7785796063,176338 | 0 | 0 | 
8111 | 0 | 0 | 59313966,18959663 | 114256206,0862479 | 0 | 0 | 
8130 | 0 | 0 | 48203889,83786512 | 29640601,952350028 | 0 | 0 | 
8131 | 0 | 0 | 67802567173,683464 | 179262521911,52423 | 0 | 0 | 
8132 | 0 | 0 | 10950803909,028595 | 13463283190,767006 | 0 | 0 | 
8140 | 0 | 0 | 1102385234,4847317 | 821206476,5922939 | 0 | 0 | 
8150 | 0 | 0 | 14047711937,754442 | 40463511519,49752 | 0 | 0 | 
8170 | 0 | 0 | 193705571,1936147 | 357042448,79370904 | 0 | 0 | 
8191 | 0 | 0 | 5205857876,113871 | 14935628357,289902 | 0 | 0 | 
8199 | 0 | 0 | 2711827058,4165783 | 4113740329,9425645 | 0 | 0 | 
81 | 0 | 0 | 185510616545,7224 | 292605749971,7452 | 0 | 0 | 
8211 | 0 | 0 | 119145271107,49448 | 95815702819,37134 | 0 | 0 | 
8231 | 0 | 0 | 299307078,7366767 | 770296759,3038124 | 0 | 0 | 
8241 | 0 | 0 | 93585315345,16008 | 28479237772,2281 | 0 | 0 | 
8243 | 0 | 0 | 32747700,4221459 | 693656570,8109066 | 0 | 0 | 
8252 | 0 | 0 | 54308942,96828034 | 194091328,35658616 | 0 | 0 | 
8271 | 0 | 0 | 131989033,71471986 | 39534810,640186705 | 0 | 0 | 
8272 | 0 | 0 | 34683618324,37074 | 12377372864,826897 | 0 | 0 | 
8280 | 0 | 0 | 204832727173,38406 | 219300686666,4297 | 0 | 0 | 
8299 | 0 | 0 | 3835788695,6325893 | 3806023712,998331 | 0 | 0 | 
82 | 0 | 0 | 456601073401,8838 | 361476603304,9659 | 0 | 0 | 
8312 | 0 | 0 | 525108864,92455673 | 1109634059,1883771 | 0 | 0 | 
8351 | 0 | 0 | 470066257,8120955 | 94899599,10190904 | 0 | 0 | 
8359 | 0 | 0 | 285823001,50776726 | 314147029,7156643 | 0 | 0 | 
8363 | 0 | 0 | 63696044,682814345 | 307929534,4208594 | 0 | 0 | 
8380 | 0 | 0 | 3563235707,215056 | 1537009076,2432184 | 0 | 0 | 
8399 | 0 | 0 | 3082614232,1806517 | 2152222718,002073 | 0 | 0 | 
83 | 0 | 0 | 7990544108,322942 | 5515842016,672101 | 0 | 0 | 
8410 | 0 | 0 | 10073073040,836744 | 12899720448,085579 | 0 | 0 | 
8420 | 0 | 0 | 2645641851121,6167 | 538423876049,10266 | 0 | 0 | 
8440 | 0 | 0 | 40145625277,4597 | 15580236188,900934 | 0 | 0 | 
8470 | 0 | 0 | 6050339811,228934 | 66979581345,938034 | 0 | 0 | 
84 | 0 | 0 | 2701910889251,142 | 633883414032,0271 | 0 | 0 | 
8510 | 0 | 0 | 23266579438,230118 | 28715877609,573936 | 0 | 0 | 
85 | 0 | 0 | 23266579438,230118 | 28715877609,573936 | 0 | 0 | 
ПО КЛАССУ | 0 | 0 | 4593422267625,35 | 3150547720658,506 | 0 | 0 | 
КЛАСС  9  Расходы банка |  |  |  |  |  |  | 
9001 | 0 | 0 | 789,4835119319717 | 858,0045721357537 | 0 | 0 | 
9002 | 0 | 0 | 1074184565,2203937 | 715388160,26888 | 0 | 0 | 
9003 | 0 | 0 | 11592038508,07737 | 17012038130,561197 | 0 | 0 | 
9010 | 0 | 0 | 2046954,7619102902 | 69205584,28211929 | 0 | 0 | 
9011 | 0 | 0 | 43084,567584685035 | 47369,91266295225 | 0 | 0 | 
9012 | 0 | 0 | 25311380114,730343 | 3009014926,9330235 | 0 | 0 | 
9013 | 0 | 0 | 4066935588,7854414 | 5840174161,266402 | 0 | 0 | 
9017 | 0 | 0 | 11901633851,851307 | 27048114572,98232 | 0 | 0 | 
9021 | 0 | 0 | 150572380,77606666 | 548198410,1529266 | 0 | 0 | 
9022 | 0 | 0 | 97735127,71315697 | 24924912,256845582 | 0 | 0 | 
9024 | 0 | 0 | 117886885621,13596 | 157680332350,9822 | 0 | 0 | 
9031 | 0 | 0 | 7969023719,56388 | 8713400927,711912 | 0 | 0 | 
9032 | 0 | 0 | 5709199440,174864 | 11337850021,136028 | 0 | 0 | 
9034 | 0 | 0 | 336885070859,5138 | 337265331926,1683 | 0 | 0 | 
9039 | 0 | 0 | 32885773,803771067 | 14584409,250089241 | 0 | 0 | 
9040 | 0 | 0 | 17035618,17709473 | 3910757,415876239 | 0 | 0 | 
9041 | 0 | 0 | 74552401,75865087 | 70356345,5051142 | 0 | 0 | 
9042 | 0 | 0 | 47960,704573121984 | 82540,4147017589 | 0 | 0 | 
9043 | 0 | 0 | 53772967269,47378 | 976806930,217055 | 0 | 0 | 
9044 | 0 | 0 | 742816526,0639763 | 619060130,2285987 | 0 | 0 | 
9045 | 0 | 0 | 424121915933,385 | 357152613716,10004 | 0 | 0 | 
9049 | 0 | 0 | 866891,9195388313 | 2075454,8264267156 | 0 | 0 | 
9051 | 0 | 0 | 134459839,66787192 | 138667573,5858259 | 0 | 0 | 
9052 | 0 | 0 | 425386,80415039207 | 159934,70247668194 | 0 | 0 | 
9054 | 0 | 0 | 59790802292,38142 | 33494054257,40843 | 0 | 0 | 
9060 | 0 | 0 | 111219084638,041 | 72407411754,47977 | 0 | 0 | 
9061 | 0 | 0 | 1312,9487077840113 | 1831,7026276794231 | 0 | 0 | 
9062 | 0 | 0 | 35839999,4033879 | 18746181,751640026 | 0 | 0 | 
9063 | 0 | 0 | 44300837907,84139 | 11336282363,335653 | 0 | 0 | 
9064 | 0 | 0 | 43088761,67674201 | 432082824,9261913 | 0 | 0 | 
9082 | 0 | 0 | 140620247,96401787 | 11389666,808110958 | 0 | 0 | 
9083 | 0 | 0 | 345683899,8884042 | 241385404,92003834 | 0 | 0 | 
9084 | 0 | 0 | 53533462412,871605 | 235443462790,5687 | 0 | 0 | 
9099 | 0 | 0 | 3432059,334396473 | 751917,9150451345 | 0 | 0 | 
90 | 0 | 0 | 1270957577740,4653 | 1281627909098,682 | 0 | 0 | 
9100 | 0 | 0 | 2836989583,2832456 | 1378176512,1373503 | 0 | 0 | 
9110 | 0 | 0 | 765812366,4508677 | 146004612,09624007 | 0 | 0 | 
9130 | 0 | 0 | 2431712,567113714 | 10984347,131563405 | 0 | 0 | 
9131 | 0 | 0 | 17849237813,944393 | 23370629869,195797 | 0 | 0 | 
9132 | 0 | 0 | 2021863061,1835 | 2395826104,6126266 | 0 | 0 | 
9140 | 0 | 0 | 172914931,6150975 | 42733817,598158225 | 0 | 0 | 
9150 | 0 | 0 | 1016134847,4883066 | 912485500,7488295 | 0 | 0 | 
9170 | 0 | 0 | 11548937,524946475 | 5390134,902706216 | 0 | 0 | 
9199 | 0 | 0 | 2306794960,7077847 | 2188634378,720842 | 0 | 0 | 
91 | 0 | 0 | 26983728214,76526 | 30450865277,14411 | 0 | 0 | 
9202 | 0 | 0 | 16884124810,279615 | 49711480232,313705 | 0 | 0 | 
9211 | 0 | 0 | 55772438430,65088 | 51316661570,81231 | 0 | 0 | 
9231 | 0 | 0 | 81712920,94464391 | 51240931,13357507 | 0 | 0 | 
9241 | 0 | 0 | 6352799111,78727 | 15533408352,51747 | 0 | 0 | 
9243 | 0 | 0 | 5059624,998064238 | 4052456,849809278 | 0 | 0 | 
9251 | 0 | 0 | 857139512,8771313 | 424011210,4275826 | 0 | 0 | 
9252 | 0 | 0 | 76069105,28121977 | 703180098,8964491 | 0 | 0 | 
9253 | 0 | 0 | 1409231788,7303402 | 1853258952,4342597 | 0 | 0 | 
9255 | 0 | 0 | 5865734709,276106 | 14778511910,520483 | 0 | 0 | 
9260 | 0 | 0 | 5970880757,9848 | 2088536902,9690342 | 0 | 0 | 
9270 | 0 | 0 | 77972112,445088 | 272543007,20034117 | 0 | 0 | 
9271 | 0 | 0 | 6552903814,841641 | 3378400750,768998 | 0 | 0 | 
9280 | 0 | 0 | 48490215761,34286 | 383975999779,0475 | 0 | 0 | 
9299 | 0 | 0 | 1476574689,2431905 | 3732196550,3323936 | 0 | 0 | 
92 | 0 | 0 | 149872857150,68286 | 527823482706,2239 | 0 | 0 | 
9301 | 0 | 0 | 5055725217,856757 | 176433410112,76443 | 0 | 0 | 
9302 | 0 | 0 | 51576230653,78067 | 34983552778,30762 | 0 | 0 | 
9303 | 0 | 0 | 38335409480,33565 | 6540066513,663487 | 0 | 0 | 
9305 | 0 | 0 | 28987362,22286458 | 102763477,5769296 | 0 | 0 | 
9306 | 0 | 0 | 786886634,1787504 | 1045749304,6041799 | 0 | 0 | 
9309 | 0 | 0 | 139173218,11111853 | 401129496,75969654 | 0 | 0 | 
9311 | 0 | 0 | 15177041470,209375 | 2130803178,912345 | 0 | 0 | 
9312 | 0 | 0 | 23354247301,2961 | 11423065469,57488 | 0 | 0 | 
9313 | 0 | 0 | 26160115174,17724 | 14295522580,287796 | 0 | 0 | 
9314 | 0 | 0 | 11567781002,43458 | 8396153193,317175 | 0 | 0 | 
9319 | 0 | 0 | 978555645,2406417 | 5222776576,279747 | 0 | 0 | 
9321 | 0 | 0 | 23188907637,086952 | 1304661324,383437 | 0 | 0 | 
9322 | 0 | 0 | 3608270356,314036 | 1891360764,1324062 | 0 | 0 | 
9323 | 0 | 0 | 3981631578,1779866 | 2680288991,1896644 | 0 | 0 | 
9324 | 0 | 0 | 7759296934,695345 | 1685009222,3455822 | 0 | 0 | 
9329 | 0 | 0 | 17034592999,400497 | 18614790521,681343 | 0 | 0 | 
9330 | 0 | 0 | 48494293536,53819 | 61437306369,01107 | 0 | 0 | 
9331 | 0 | 0 | 381688654,32894313 | 516629528,0057802 | 0 | 0 | 
9332 | 0 | 0 | 6865443914,537844 | 8084457994,744125 | 0 | 0 | 
9335 | 0 | 0 | 66152,83769285074 | 47346,71422949118 | 0 | 0 | 
9337 | 0 | 0 | 19195689520,107655 | 19078900423,485737 | 0 | 0 | 
9339 | 0 | 0 | 59361758,40154559 | 105833968,45673382 | 0 | 0 | 
9340 | 0 | 0 | 83636373,34439743 | 181822883,8079649 | 0 | 0 | 
9342 | 0 | 0 | 743085132,9837325 | 48657081830,815475 | 0 | 0 | 
9343 | 0 | 0 | 2624370208,5567436 | 561767437,8058763 | 0 | 0 | 
9344 | 0 | 0 | 266964870,68771178 | 151687604,47368592 | 0 | 0 | 
9351 | 0 | 0 | 585488092,2090377 | 529004623,5609351 | 0 | 0 | 
9359 | 0 | 0 | 231807138,9515509 | 978351003,6577251 | 0 | 0 | 
9380 | 0 | 0 | 1161954,1600820562 | 3236075,998888473 | 0 | 0 | 
9391 | 0 | 0 | 1254461206,9868405 | 1655369826,99052 | 0 | 0 | 
9392 | 0 | 0 | 3302923358,237113 | 338353549,61527723 | 0 | 0 | 
9394 | 0 | 0 | 2261687101,0472274 | 3599119580,866134 | 0 | 0 | 
9395 | 0 | 0 | 1188169311,7292166 | 335706827,86543757 | 0 | 0 | 
9396 | 0 | 0 | 221766340,94898054 | 303264423,2210321 | 0 | 0 | 
9397 | 0 | 0 | 31460842718,100014 | 48032006018,194626 | 0 | 0 | 
9398 | 0 | 0 | 5445138432,40751 | 792947101,5900913 | 0 | 0 | 
9399 | 0 | 0 | 5138968345,561555 | 5346061667,134216 | 0 | 0 | 
93 | 0 | 0 | 358539866788,1822 | 487840059591,7963 | 0 | 0 | 
9410 | 0 | 0 | 28745818689,50909 | 17766157570,20446 | 0 | 0 | 
9420 | 0 | 0 | 585543088285,113 | 1813483997823,4102 | 0 | 0 | 
9440 | 0 | 0 | 39224414877,08817 | 42556891861,13744 | 0 | 0 | 
9470 | 0 | 0 | 124288223314,91231 | 230023468888,3691 | 0 | 0 | 
94 | 0 | 0 | 777801545166,6226 | 2103830516143,121 | 0 | 0 | 
9510 | 0 | 0 | 31974517,76536706 | 39614405,88250146 | 0 | 0 | 
95 | 0 | 0 | 31974517,76536706 | 39614405,88250146 | 0 | 0 | 
9600 | 0 | 0 | 6881896495,36236 | 31176455711,151867 | 0 | 0 | 
96 | 0 | 0 | 6881896495,36236 | 31176455711,151867 | 0 | 0 | 
ПО КЛАССУ | 0 | 0 | 2591069446073,8457 | 4462788902934,002 | 0 | 0 | 
